4.662434232101895781e-01 -8.846564702262930124e-01 5.494049638360909427e-01
-5.024089946519514349e-01 -8.646300955280329381e-01 5.218684469566431394e-01
9.912776546568530245e-01 1.317900276121404257e-01 2.128145029938398824e+00
-9.675979787573575353e-01 2.524958445295216181e-01 1.693518503512713824e+00
5.888681931999812935e-01 8.082290832662416546e-01 1.876665032686593904e+00
2.772573143559595721e-01 9.607957023405758745e-01 1.878636897404105444e+00
3.333097134698699837e-01 9.428173921320253115e-01 2.994597568140034305e+00
-2.684663878825488958e-01 9.632890524537777166e-01 1.479545245780264917e+00
1.263590830153870914e-01 9.919845674905988231e-01 0.000000000000000000e+00
-8.917982379820356409e-02 9.960155415591271932e-01 0.000000000000000000e+00
4.580565295953946403e-02 9.989503702171346200e-01 0.000000000000000000e+00
0.000000000000000000e+00 0.000000000000000000e+00 0.000000000000000000e+00
4.700398858695423732e-01 -8.826451754197423005e-01 5.716052510139220111e-01
-5.016155567981132046e-01 -8.650906502662706332e-01 5.521302131472267671e-01
9.950309380126138858e-01 9.956622116831406744e-02 2.147106970467568932e+00
-9.794408217023995444e-01 2.017316950380588503e-01 1.693494997133488722e+00
6.157089164746177845e-01 7.879736862190589441e-01 1.877288743439733398e+00
2.764209285708841279e-01 9.610366643619847604e-01 1.879831197038424273e+00
3.220124160426416915e-01 9.467354455783203449e-01 2.999621406471249863e+00
-2.603746878367806938e-01 9.655076498577828126e-01 1.485393435696672038e+00
1.233340287836428295e-01 9.923652136910058319e-01 0.000000000000000000e+00
-9.247217424636641758e-02 9.957152690353552327e-01 0.000000000000000000e+00
4.389775313293179521e-02 9.990360290149099542e-01 0.000000000000000000e+00
0.000000000000000000e+00 0.000000000000000000e+00 0.000000000000000000e+00
4.717472163106590233e-01 -8.817338396041881632e-01 5.671554236893392442e-01
-5.001510901949354215e-01 -8.659381542447576185e-01 5.446361971477491348e-01
9.939032362692038491e-01 1.102558702908970345e-01 2.147672281790601989e+00
-9.765274895154300028e-01 2.153928091202022554e-01 1.694669817903448950e+00
6.150746271039408963e-01 7.884688979870722036e-01 1.871049266411199063e+00
2.725344981362743391e-01 9.621460114377697881e-01 1.879290226422340782e+00
3.202610070375423446e-01 9.473293447219394148e-01 2.999800780696067815e+00
-2.613589969713286387e-01 9.652416664764016385e-01 1.485188667499415027e+00
1.090174752506366390e-01 9.940398332511513058e-01 0.000000000000000000e+00
-9.307962010483432358e-02 9.956586685813265669e-01 0.000000000000000000e+00
4.240852533892044973e-02 9.991003538076533852e-01 0.000000000000000000e+00
0.000000000000000000e+00 0.000000000000000000e+00 0.000000000000000000e+00
4.745271181459163601e-01 -8.802408841584963284e-01 5.623415207471336164e-01
-4.977651844421283056e-01 -8.673118361681073640e-01 5.410007979015687418e-01
9.925781052636613033e-01 1.216088193808337603e-01 2.147164987809122128e+00
-9.756130580394258844e-01 2.194975193093532673e-01 1.695112958521706403e+00
6.117813543833132695e-01 7.910269113177621492e-01 1.868375926381583785e+00
2.690310859975919566e-01 9.631314940167601257e-01 1.877350836617700969e+00
3.185531357447142220e-01 9.479050056346415287e-01 3.000189347819978369e+00
-2.643166757886931117e-01 9.644359464993074171e-01 1.483093096203040639e+00
1.005621945177928300e-01 9.949307739907162773e-01 0.000000000000000000e+00
-9.195876752562236189e-02 9.957628156720699231e-01 0.000000000000000000e+00
4.138428043794965816e-02 9.991433037020430730e-01 0.000000000000000000e+00
0.000000000000000000e+00 0.000000000000000000e+00 0.000000000000000000e+00
4.714154773814598909e-01 -8.819112470567603834e-01 5.713755816119571174e-01
-4.939034643203564223e-01 -8.695167439056883385e-01 5.470674175619251178e-01
9.943631687515306350e-01 1.060277729201881403e-01 2.147662853489315626e+00
-9.775344257309713791e-01 2.107758205079983127e-01 1.692008269025939482e+00
6.153563395545934567e-01 7.882490566882855987e-01 1.867968390133912360e+00
2.707282081379246419e-01 9.626558249542921386e-01 1.873454068261605432e+00
3.162914843351546934e-01 9.486620562334432405e-01 3.001511752264177879e+00
-2.612268335146978315e-01 9.652774427344110730e-01 1.483020947072510642e+00
1.032646100298093977e-01 9.946539198713245655e-01 0.000000000000000000e+00
-8.862575908609457431e-02 9.960649952821420960e-01 0.000000000000000000e+00
4.164387154865582114e-02 9.991325177184651185e-01 0.000000000000000000e+00
0.000000000000000000e+00 0.000000000000000000e+00 0.000000000000000000e+00
4.719172619410690328e-01 -8.816428403168964367e-01 5.724497920867240852e-01
-4.934843453933243085e-01 -8.697546785454634000e-01 5.463401704572122819e-01
9.946575513225310861e-01 1.032296255784471012e-01 2.148968810596056045e+00
-9.777801246467270335e-01 2.096330790830278623e-01 1.691396617247214351e+00
6.169653318751335824e-01 7.869903298416101034e-01 1.868993554581396266e+00
2.714418042230480332e-01 9.624548544841655673e-01 1.872943396934596549e+00
3.169224359975815752e-01 9.484514587269918806e-01 3.001546887804773522e+00
-2.637581932282981323e-01 9.645888323554985266e-01 1.481439574114257196e+00
1.047378455486789733e-01 9.944998661185536770e-01 0.000000000000000000e+00
-8.808847377344675156e-02 9.961126546672643967e-01 0.000000000000000000e+00
4.237866346775974458e-02 9.991016208988384717e-01 0.000000000000000000e+00
0.000000000000000000e+00 0.000000000000000000e+00 0.000000000000000000e+00
4.704752605103145746e-01 -8.824131851053402809e-01 5.729361807851123256e-01
-4.920772403414953033e-01 -8.705515432976373980e-01 5.491528458947658731e-01
9.947288447699971226e-01 1.025403597738322459e-01 2.148570768210951165e+00
-9.785300710207230912e-01 2.061041001731376554e-01 1.689962044566493793e+00
6.176252306015495019e-01 7.864725516662248728e-01 1.869324520179774130e+00
2.726466502342569931e-01 9.621142365208190661e-01 1.871441604307524154e+00
3.166570143347553490e-01 9.485401073610953970e-01 3.002345358388177843e+00
-2.618115379823091060e-01 9.651190178311367385e-01 1.481755102102189969e+00
1.070217357305674188e-01 9.942566811851034636e-01 0.000000000000000000e+00
-8.670727131402886090e-02 9.962338325419768381e-01 0.000000000000000000e+00
4.369454992618906214e-02 9.990449370807841234e-01 0.000000000000000000e+00
0.000000000000000000e+00 0.000000000000000000e+00 0.000000000000000000e+00
4.732839803818834623e-01 -8.809099124847450391e-01 5.718872410911871595e-01
-4.940163370916223484e-01 -8.694526201505040630e-01 5.441995756886928159e-01
9.947678507420928407e-01 1.021612604168385952e-01 2.151478962339226086e+00
-9.774201925101063670e-01 2.113049154030889332e-01 1.689951843166569434e+00
6.196920477893620438e-01 7.848450585348850650e-01 1.872094401985010093e+00
2.748099878175342403e-01 9.614985546508775238e-01 1.872714224397411087e+00
3.190074510405709329e-01 9.477522071620818611e-01 3.002274855842820500e+00
-2.662373216690346878e-01 9.639075103714562776e-01 1.479618996531074426e+00
1.093619711472108430e-01 9.940019915809005235e-01 0.000000000000000000e+00
-8.702247495120936371e-02 9.962063485309488042e-01 0.000000000000000000e+00
4.603017052327480763e-02 9.989400499537487432e-01 0.000000000000000000e+00
0.000000000000000000e+00 0.000000000000000000e+00 0.000000000000000000e+00
4.735547581403785622e-01 -8.807643788452208522e-01 5.758876863207871288e-01
-4.936625156868143516e-01 -8.696535635560666000e-01 5.444704066065153558e-01
9.954053651180805318e-01 9.575050440671668828e-02 2.154138364456939847e+00
-9.777680794005310094e-01 2.096892531948091887e-01 1.689604471487226922e+00
6.236174181959658336e-01 7.817296947939217366e-01 1.874433538001761823e+00
2.750867371295978026e-01 9.614194126682650277e-01 1.872822823792135161e+00
3.175299898937030685e-01 9.482482299050732921e-01 3.003690123397986689e+00
-2.673080872834985855e-01 9.636111178648975040e-01 1.479375531071084104e+00
1.137055586726691547e-01 9.935144920568275140e-01 0.000000000000000000e+00
-8.764418942220202069e-02 9.961518438774908946e-01 0.000000000000000000e+00
4.730081711536809203e-02 9.988806899225844971e-01 0.000000000000000000e+00
0.000000000000000000e+00 0.000000000000000000e+00 0.000000000000000000e+00
4.757009472166703890e-01 -8.796070763796540737e-01 5.797542223471037204e-01
-4.910640532714056206e-01 -8.711234674744205986e-01 5.404259806140183642e-01
9.958831031159139924e-01 9.064681421990518351e-02 2.157420234522257285e+00
-9.770915043391390498e-01 2.128196235037498885e-01 1.688809001922144892e+00
6.268370537803309439e-01 7.791503757350017878e-01 1.877114509261136988e+00
2.737458054721689793e-01 9.618020763059275113e-01 1.872685096907934943e+00
3.150567684932954471e-01 9.490728278833833187e-01 3.005522378060032640e+00
-2.720132740473543143e-01 9.622934992724614389e-01 1.478287405773969221e+00
1.166097146347018082e-01 9.931778161300288676e-01 0.000000000000000000e+00
-9.034338522045680386e-02 9.959106750843211842e-01 0.000000000000000000e+00
4.835705083322927589e-02 9.988301135001449449e-01 0.000000000000000000e+00
0.000000000000000000e+00 0.000000000000000000e+00 0.000000000000000000e+00
4.761126520599955336e-01 -8.793842974197330076e-01 5.811254600786833757e-01
-4.905343817457972211e-01 -8.714218383339199514e-01 5.387186712669607136e-01
9.961605942898170696e-01 8.754467650381972388e-02 2.158393001300097591e+00
-9.768353109327944095e-01 2.139924655562217837e-01 1.688580382555610271e+00
6.279875007198227888e-01 7.782234248207070548e-01 1.878394081765156542e+00
2.736008685982919686e-01 9.618433160875320409e-01 1.871836905470953383e+00
3.154098490338079763e-01 9.489555453931813878e-01 3.005669110094097096e+00
-2.741432402021534709e-01 9.616888706080903848e-01 1.476636117897504485e+00
1.186862231304627591e-01 9.929318105685939200e-01 0.000000000000000000e+00
-8.925932862469573847e-02 9.960084197703694686e-01 0.000000000000000000e+00
4.902177536572947109e-02 9.987977100193972113e-01 0.000000000000000000e+00
0.000000000000000000e+00 0.000000000000000000e+00 0.000000000000000000e+00
4.728313391198424309e-01 -8.811529519590434179e-01 5.818264034262030648e-01
-4.913321594804367920e-01 -8.709722780090596306e-01 5.407437994315158480e-01
9.964457609694217233e-01 8.423684138231975205e-02 2.157063878413562286e+00
-9.769351635476516416e-01 2.135361473477569993e-01 1.687825742294992049e+00
6.288193555154476533e-01 7.775514247489596631e-01 1.877346386580759141e+00
2.759325380195156163e-01 9.611770047510024284e-01 1.871252549449782698e+00
3.172295724075066548e-01 9.483487746552691222e-01 3.005158243462236811e+00
-2.706956210364541704e-01 9.626649888469448468e-01 1.477385469377199279e+00
1.203067595256884226e-01 9.927367645113321926e-01 0.000000000000000000e+00
-8.718301851228231480e-02 9.961923113952882991e-01 0.000000000000000000e+00
4.991716367665165188e-02 9.987533613312540304e-01 0.000000000000000000e+00
0.000000000000000000e+00 0.000000000000000000e+00 0.000000000000000000e+00
4.713498767260914657e-01 -8.819463099930165972e-01 5.806972187236992822e-01
-4.910787825273488783e-01 -8.711151642299981290e-01 5.381735084549954529e-01
9.963379514266841319e-01 8.550255286760985451e-02 2.157806078214100420e+00
-9.757836603451557345e-01 2.187378526990919059e-01 1.687654850305287724e+00
6.312770900303771304e-01 7.755573709293073215e-01 1.877590719950687159e+00
2.759814568405428159e-01 9.611629598981493716e-01 1.872117612330841618e+00
3.181664568165061824e-01 9.480348652643689755e-01 3.005292020365839978e+00
-2.705155405009181946e-01 9.627156082392640535e-01 1.478489506546901033e+00
1.224599065106546786e-01 9.924734612559682478e-01 0.000000000000000000e+00
-8.919615836147909427e-02 9.960140788832023695e-01 0.000000000000000000e+00
5.117118717343346890e-02 9.986898966161925628e-01 0.000000000000000000e+00
0.000000000000000000e+00 0.000000000000000000e+00 0.000000000000000000e+00
4.704764930339524476e-01 -8.824125279609720263e-01 5.792992328421789905e-01
-4.906767607219861271e-01 -8.713416760877323863e-01 5.369823886450667549e-01
9.961013870528603320e-01 8.821579626896577930e-02 2.157733209312846512e+00
-9.751260444189832066e-01 2.216510714970432450e-01 1.687678427762179689e+00
6.319316615808170390e-01 7.750241125872843195e-01 1.877648261800157314e+00
2.754925761960628217e-01 9.613031990276827976e-01 1.871694873517878666e+00
3.182351260964822459e-01 9.480118166554444281e-01 3.005438548706180324e+00
-2.699337398012582878e-01 9.628789000268448417e-01 1.478599629779990154e+00
1.235566269986150545e-01 9.923375231869069335e-01 0.000000000000000000e+00
-8.881364737601896153e-02 9.960482598949551569e-01 0.000000000000000000e+00
5.153619576325933066e-02 9.986711273118148435e-01 0.000000000000000000e+00
0.000000000000000000e+00 0.000000000000000000e+00 0.000000000000000000e+00
4.706314738977890322e-01 -8.823298792270354296e-01 5.798958685456335749e-01
-4.912710817701544386e-01 -8.710067302933900413e-01 5.363917248408316407e-01
9.962642152664686890e-01 8.635747436954832601e-02 2.158269657713396850e+00
-9.748757823634249808e-01 2.227492064212572564e-01 1.687923094710142236e+00
6.326268017287403067e-01 7.744567965577325852e-01 1.878004060856972801e+00
2.756779804763416775e-01 9.612500460756742138e-01 1.871872292534620064e+00
3.188722799396876417e-01 9.477976941763813779e-01 3.005091435550248047e+00
-2.699867329277284567e-01 9.628640423460682607e-01 1.478408427086110866e+00
1.240884592414160242e-01 9.922711596550064517e-01 0.000000000000000000e+00
-8.848756746423586117e-02 9.960772813412934745e-01 0.000000000000000000e+00
5.151416946506776756e-02 9.986722637303612204e-01 0.000000000000000000e+00
0.000000000000000000e+00 0.000000000000000000e+00 0.000000000000000000e+00
4.711321039334785410e-01 -8.820626625377665508e-01 5.806122009835522624e-01
-4.914688612224495934e-01 -8.708951477926079043e-01 5.374807379544027652e-01
9.963755366625455245e-01 8.506344655858014137e-02 2.158856313423321627e+00
-9.753269001520538106e-01 2.207655721343022848e-01 1.687109584537636042e+00
6.330958747383906848e-01 7.740733901828894536e-01 1.878406600479697763e+00
2.774597639654722281e-01 9.607372582450546261e-01 1.871590983227933158e+00
3.187454072776936265e-01 9.478403691230803396e-01 3.005224943971668061e+00
-2.698483264562657746e-01 9.629028407418643853e-01 1.478085446367093603e+00
1.243242171729778273e-01 9.922416485031890776e-01 0.000000000000000000e+00
-8.770093463205339002e-02 9.961468496485165192e-01 0.000000000000000000e+00
5.164715157584479077e-02 9.986653952821743507e-01 0.000000000000000000e+00
0.000000000000000000e+00 0.000000000000000000e+00 0.000000000000000000e+00
4.701654858941002324e-01 -8.825782774768279326e-01 5.801678750497315518e-01
-4.935379155788044980e-01 -8.697242815318708686e-01 5.367430934287823474e-01
9.963896987515904469e-01 8.489739820344865961e-02 2.157208104489679812e+00
-9.746916426767108232e-01 2.235535767912807670e-01 1.688190077205105055e+00
6.313907023126590357e-01 7.754648805930074440e-01 1.878039050989672276e+00
2.776676519909220819e-01 9.606771960642389585e-01 1.873667617844521072e+00
3.197454884495399274e-01 9.475034683926836232e-01 3.004632345517892933e+00
-2.685152435251171310e-01 9.632754351662079495e-01 1.479665479892919855e+00
1.246818543276893287e-01 9.921967724203746286e-01 0.000000000000000000e+00
-8.946984590935494475e-02 9.959895314073116124e-01 0.000000000000000000e+00
5.151743065335826627e-02 9.986720955042632797e-01 0.000000000000000000e+00
0.000000000000000000e+00 0.000000000000000000e+00 0.000000000000000000e+00
4.710473921590708768e-01 -8.821079040231634139e-01 5.812598716134160792e-01
-4.939824899997237173e-01 -8.694718509380697791e-01 5.361668289388440423e-01
9.964872965591508036e-01 8.374406125950061008e-02 2.157947065380674267e+00
-9.743425166268403492e-01 2.250703452107259139e-01 1.688751526428517780e+00
6.317616255764871847e-01 7.751627238515500506e-01 1.875882339723087933e+00
2.770799949754114144e-01 9.608468537620479255e-01 1.874492097325755058e+00
3.187726756076554313e-01 9.478311987299934405e-01 3.003011804487857095e+00
-2.681261532132033776e-01 9.633838103077555504e-01 1.480436289508074932e+00
1.194086500281488772e-01 9.928451915069413936e-01 0.000000000000000000e+00
-9.060294268111432348e-02 9.958870953966231232e-01 0.000000000000000000e+00
4.725502536672640530e-02 9.988828572848720277e-01 0.000000000000000000e+00
0.000000000000000000e+00 0.000000000000000000e+00 0.000000000000000000e+00
4.706005860270492946e-01 -8.823463540078791967e-01 5.798476728689850868e-01
-4.954319708784580278e-01 -8.686467419103618415e-01 5.339100020302963712e-01
9.963054393710474299e-01 8.588056520345119238e-02 2.157908575501239490e+00
-9.731003038478963640e-01 2.303818539970794721e-01 1.689641275243163543e+00
6.320944785518176623e-01 7.748913279836765478e-01 1.875367216413879490e+00
2.769727390830961644e-01 9.608777767254310653e-01 1.875049075141134614e+00
3.194172856533386562e-01 9.476141607351873386e-01 3.002974789626314589e+00
-2.672193099518124226e-01 9.636357405103223028e-01 1.480629924485314719e+00
1.188885871854592213e-01 9.929076008557118360e-01 0.000000000000000000e+00
-9.005128964197330055e-02 9.959371291571659235e-01 0.000000000000000000e+00
4.786047713058850378e-02 9.988540307416456931e-01 0.000000000000000000e+00
0.000000000000000000e+00 0.000000000000000000e+00 0.000000000000000000e+00
4.685411891115713878e-01 -8.834416529154116571e-01 5.780024032917338017e-01
-4.968933719034190899e-01 -8.678116022262265528e-01 5.335836801472041424e-01
9.961504358578942009e-01 8.766019130784076518e-02 2.156418733230116125e+00
-9.723534486906888485e-01 2.335139627930712392e-01 1.689821775026660200e+00
6.315928886689096133e-01 7.753002147444965075e-01 1.874439141381300633e+00
2.782429666761152554e-01 9.605107242999809669e-01 1.875448967790203536e+00
3.212211289069866194e-01 9.470042166451640986e-01 3.002534844985337070e+00
-2.647445095890071931e-01 9.643185908414687590e-01 1.481471858514993301e+00
1.193615965626237674e-01 9.928508494562622300e-01 0.000000000000000000e+00
-8.917143216976769482e-02 9.960162928811920890e-01 0.000000000000000000e+00
4.888356401007440399e-02 9.988044839555301202e-01 0.000000000000000000e+00
0.000000000000000000e+00 0.000000000000000000e+00 0.000000000000000000e+00
4.673348496247124451e-01 -8.840803913254989821e-01 5.779146247342937803e-01
-4.972009564207231502e-01 -8.676354124482923424e-01 5.337046032989934963e-01
9.962221544894330760e-01 8.684134329011798659e-02 2.155710588201803279e+00
-9.721617195744263196e-01 2.343108853512669842e-01 1.689409657180524604e+00
6.315531274752835822e-01 7.753326042262044249e-01 1.873527572692710308e+00
2.793749354196397583e-01 9.601820897409366617e-01 1.875320829439182546e+00
3.221656434074970377e-01 9.466833146347480854e-01 3.002306426421892382e+00
-2.637207285144431701e-01 9.645990759646265733e-01 1.481697237796885114e+00
1.189067281521845182e-01 9.929054285278847702e-01 0.000000000000000000e+00
-8.856309896908955148e-02 9.960705685346753491e-01 0.000000000000000000e+00
4.942361317842085267e-02 9.987779064739015222e-01 0.000000000000000000e+00
0.000000000000000000e+00 0.000000000000000000e+00 0.000000000000000000e+00
4.667035254425104251e-01 -8.844138281028468551e-01 5.779238744673735884e-01
-4.991518766403875151e-01 -8.665145146195645243e-01 5.352947930023391754e-01
9.963704565274615899e-01 8.512293086623401450e-02 2.155424895832322996e+00
-9.724413932613056311e-01 2.331474569280372333e-01 1.689477032548484470e+00
6.316636705193879875e-01 7.752425474301408714e-01 1.873921551280305131e+00
2.814053341696663990e-01 9.595889942578844645e-01 1.876226141494999666e+00
3.237805000060642313e-01 9.461322253341880595e-01 3.001870295267089261e+00
-2.618066315133757982e-01 9.651203488143949016e-01 1.482469453410235394e+00
1.203978631543616146e-01 9.927257196969682118e-01 0.000000000000000000e+00
-8.812544020653542698e-02 9.961093849514742748e-01 0.000000000000000000e+00
5.025661497378855480e-02 9.987363379047426992e-01 0.000000000000000000e+00
0.000000000000000000e+00 0.000000000000000000e+00 0.000000000000000000e+00
4.649778514119197736e-01 -8.853223128874333492e-01 5.772367579260255788e-01
-4.982179103932005138e-01 -8.670518518309230371e-01 5.370716999394606894e-01
9.962759918400211356e-01 8.622150592040192518e-02 2.154818335043001909e+00
-9.728174631421150353e-01 2.315732786954048661e-01 1.689034888813376156e+00
6.322349167373194634e-01 7.747767485270544707e-01 1.873969968546167042e+00
2.812199162446183953e-01 9.596433497437316662e-01 1.875383891638371603e+00
3.240374613762786460e-01 9.460442503523907032e-01 3.001895427675370431e+00
-2.599383089115732681e-01 9.656252252091344079e-01 1.483133626430021001e+00
1.224297575407112676e-01 9.924771808301300346e-01 0.000000000000000000e+00
-8.752079426085768166e-02 9.961626928227881317e-01 0.000000000000000000e+00
5.057807446802617402e-02 9.987201101325170471e-01 0.000000000000000000e+00
0.000000000000000000e+00 0.000000000000000000e+00 0.000000000000000000e+00
4.635275223321222438e-01 -8.860825221392440998e-01 5.764864384336593206e-01
-4.990487445038438996e-01 -8.665739152600527850e-01 5.379464142464817078e-01
9.963156216131624499e-01 8.576235846557341003e-02 2.154520114994027402e+00
-9.727946889714284007e-01 2.316689299603676977e-01 1.688577570050354693e+00
6.330411551626508038e-01 7.741181407707332651e-01 1.873438985736585849e+00
2.830169590617216957e-01 9.591149049428101536e-01 1.875696629906971502e+00
3.258924964985908113e-01 9.454068334457478295e-01 3.001000324462357316e+00
-2.581536285807483622e-01 9.661038784988874584e-01 1.483890995080574093e+00
1.230009319405847151e-01 9.924065551686704900e-01 0.000000000000000000e+00
-8.718905087687704725e-02 9.961917834469370403e-01 0.000000000000000000e+00
5.074914159630435767e-02 9.987114321100155623e-01 0.000000000000000000e+00
0.000000000000000000e+00 0.000000000000000000e+00 0.000000000000000000e+00
4.637290568015198233e-01 -8.859770662257420160e-01 5.759501232675685589e-01
-4.992919835596460465e-01 -8.664337915577128291e-01 5.325556826440434044e-01
9.962955514265321444e-01 8.599519874796757168e-02 2.154900473708982744e+00
-9.704426477814096508e-01 2.413318614833250830e-01 1.689642045386608338e+00
6.334538710181348842e-01 7.737804554860119310e-01 1.873628231121170939e+00
2.812438045560128885e-01 9.596363490400200424e-01 1.875992443661449460e+00
3.266855087146718351e-01 9.451331008888833596e-01 3.000422355586849665e+00
-2.589615449134538006e-01 9.658876323134265585e-01 1.483628274275138104e+00
1.231508165552718664e-01 9.923879666651392872e-01 0.000000000000000000e+00
-8.749877695522584320e-02 9.961646269725399350e-01 0.000000000000000000e+00
5.043253644369596195e-02 9.987274699675858791e-01 0.000000000000000000e+00
0.000000000000000000e+00 0.000000000000000000e+00 0.000000000000000000e+00
4.616079481658345030e-01 -8.870840446035135329e-01 5.774611953396762143e-01
-4.991680645299624297e-01 -8.665051894555572121e-01 5.344571557788168059e-01
9.966662641610930518e-01 8.158650552125759625e-02 2.154435898023947527e+00
-9.709970275043657839e-01 2.390915568933499602e-01 1.688216959056906719e+00
6.345855755403577714e-01 7.728526038748350091e-01 1.875740706139919833e+00
2.838406567091362742e-01 9.588714625010623660e-01 1.876343366191616457e+00
3.280103689195428829e-01 9.446741225847489209e-01 3.000095002194647531e+00
-2.575171887164788842e-01 9.662737176988523968e-01 1.484798238628017630e+00
1.297152431305424458e-01 9.915512874781536867e-01 0.000000000000000000e+00
-8.834036636336198289e-02 9.960903471426609812e-01 0.000000000000000000e+00
5.117897566287071820e-02 9.986894975166701327e-01 0.000000000000000000e+00
0.000000000000000000e+00 0.000000000000000000e+00 0.000000000000000000e+00
4.621012844956120524e-01 -8.868271550124665614e-01 5.790520191172719988e-01
-4.987546969895630400e-01 -8.667431870114983283e-01 5.360819030062852208e-01
9.969770602462961762e-01 7.769646930622449432e-02 2.156120204405668872e+00
-9.721180519158677535e-01 2.344919894992115450e-01 1.687349984427593208e+00
6.367566334290464258e-01 7.710648414913672255e-01 1.879539355381981247e+00
2.850456984421053663e-01 9.585139278068171009e-01 1.877433063239237088e+00
3.286911924605757096e-01 9.444374516074872661e-01 3.000175780980883111e+00
-2.589515473412461466e-01 9.658903126802620420e-01 1.485384070149377900e+00
1.366935673029145981e-01 9.906133800115983767e-01 0.000000000000000000e+00
-9.098604605911254917e-02 9.958521674538490798e-01 0.000000000000000000e+00
5.206014386228253327e-02 9.986439512764488935e-01 0.000000000000000000e+00
0.000000000000000000e+00 0.000000000000000000e+00 0.000000000000000000e+00
4.603496820382176891e-01 -8.877376697241768921e-01 5.838274178243519907e-01
-4.971777119384184207e-01 -8.676487323517962924e-01 5.390108567348862456e-01
9.976211846997213861e-01 6.893454749488421573e-02 2.156667797464905778e+00
-9.732977977915563406e-01 2.295460668669944415e-01 1.685520775251228676e+00
6.391202643653506321e-01 7.691068116182330217e-01 1.884593646520885235e+00
2.868088147442673375e-01 9.579878411467384058e-01 1.876659276583134250e+00
3.279684097903717843e-01 9.446886906169539300e-01 3.001602295146738264e+00
-2.582046205156317553e-01 9.660902514487859083e-01 1.485906138972693524e+00
1.486525845956289948e-01 9.888894827497354267e-01 0.000000000000000000e+00
-9.125583274305522352e-02 9.958274815400364188e-01 0.000000000000000000e+00
5.414502287375280720e-02 9.985330823252681620e-01 0.000000000000000000e+00
0.000000000000000000e+00 0.000000000000000000e+00 0.000000000000000000e+00
4.652752727272775335e-01 -8.851660412535928835e-01 5.843069645374887600e-01
-4.959837565769748546e-01 -8.683317990329458835e-01 5.318267232211594253e-01
9.978987034997772732e-01 6.479334497819752570e-02 2.167091947214986991e+00
-9.727787964397615061e-01 2.317356537031128594e-01 1.683471426381406122e+00
6.508061018630365568e-01 7.592439777685686675e-01 1.894324945204634680e+00
2.894165002697884348e-01 9.572032643966419396e-01 1.876554494808185147e+00
3.309816144331639287e-01 9.436372030114201781e-01 3.004035148601947647e+00
-2.698924677249779358e-01 9.628904692982070967e-01 1.480430121925524922e+00
1.623893526493064288e-01 9.867267596179497557e-01 0.000000000000000000e+00
-9.241688166064168652e-02 9.957204025147434745e-01 0.000000000000000000e+00
6.218846665295912207e-02 9.980644240806070266e-01 0.000000000000000000e+00
0.000000000000000000e+00 0.000000000000000000e+00 0.000000000000000000e+00
4.644571374479993797e-01 -8.855956004145515426e-01 5.845786115838832453e-01
-4.971354481605697040e-01 -8.676729488592976880e-01 5.355203473100800249e-01
9.980610468200794561e-01 6.224264470929326970e-02 2.170188061413497849e+00
-9.744121014684054005e-01 2.247688957839271140e-01 1.683107280054383814e+00
6.561925681856612957e-01 7.545934756263840137e-01 1.903630380971969904e+00
2.913830576258769067e-01 9.566064570807553125e-01 1.877889941010708608e+00
3.328800768317612402e-01 9.429691694050664763e-01 3.005224695201296647e+00
-2.696694765108059721e-01 9.629529445608379090e-01 1.481217942088833617e+00
1.816327715250950492e-01 9.833664303341418389e-01 0.000000000000000000e+00
-9.375510834188990894e-02 9.955952890908034147e-01 0.000000000000000000e+00
6.657101361285618080e-02 9.977816896228136612e-01 0.000000000000000000e+00
0.000000000000000000e+00 0.000000000000000000e+00 0.000000000000000000e+00
4.686996323976926893e-01 -8.833576028937928371e-01 5.867047719310523046e-01
-4.985593480190943505e-01 -8.668555684211617374e-01 5.248024082467448448e-01
9.985597223593261074e-01 5.365147604367924428e-02 2.180136268208618944e+00
-9.718919353327318822e-01 2.354274113929748780e-01 1.682522142633291917e+00
6.675115447107474731e-01 7.445994478092712310e-01 1.916126612800081563e+00
2.940719785772789585e-01 9.557832763841626056e-01 1.879056651985962834e+00
3.369819704554148920e-01 9.415111000875060476e-01 3.004784226783349776e+00
-2.797495109757154319e-01 9.600730238418576645e-01 1.476322029802638269e+00
2.014543085343588891e-01 9.794979130008105717e-01 0.000000000000000000e+00
-9.444363263137814379e-02 9.955302106191399325e-01 0.000000000000000000e+00
7.003530081586629985e-02 9.975445136131174673e-01 0.000000000000000000e+00
0.000000000000000000e+00 0.000000000000000000e+00 0.000000000000000000e+00
4.743111877160252066e-01 -8.803572554408882755e-01 5.818597139819787767e-01
-4.960317566636728293e-01 -8.683043800310756843e-01 5.168598287254533297e-01
9.979990853069363732e-01 6.322836172572031399e-02 2.187886671395956828e+00
-9.703993652563304151e-01 2.415058423933282017e-01 1.681155269457167867e+00
6.742873549250339993e-01 7.384690670489869602e-01 1.929506615944908798e+00
2.939002836336709334e-01 9.558360859896677386e-01 1.876147073578516844e+00
3.370731047383126455e-01 9.414784766855132103e-01 3.007572544418303462e+00
-2.889782123799774505e-01 9.573356740295813072e-01 1.470056066963166819e+00
2.213895365373135249e-01 9.751854557527985801e-01 0.000000000000000000e+00
-9.155044871569616161e-02 9.958004395158472910e-01 0.000000000000000000e+00
7.569364498578004530e-02 9.971311208205100307e-01 0.000000000000000000e+00
0.000000000000000000e+00 0.000000000000000000e+00 0.000000000000000000e+00
4.787953329745987530e-01 -8.779265510973816022e-01 5.803210278103418940e-01
-4.934458785360918420e-01 -8.697765028763103645e-01 5.174040420703286403e-01
9.977811443731837704e-01 6.657918543613861040e-02 2.194688255916622310e+00
-9.727453675563700886e-01 2.318759364350308494e-01 1.680537795522047739e+00
6.805418033357669705e-01 7.327092560576141667e-01 1.940955276049450617e+00
2.922361057038357357e-01 9.563462022317318345e-01 1.872798557779034034e+00
3.368089756841367022e-01 9.415729997714475941e-01 3.009635590707592900e+00
-2.974135838034208668e-01 9.547487419050133539e-01 1.463783746108934913e+00
2.387086817431371133e-01 9.710912239642853772e-01 0.000000000000000000e+00
-8.784397366114352068e-02 9.961342461191766695e-01 0.000000000000000000e+00
7.952760296370933735e-02 9.968326641753101347e-01 0.000000000000000000e+00
0.000000000000000000e+00 0.000000000000000000e+00 0.000000000000000000e+00
4.795104475809155997e-01 -8.775361705711908211e-01 5.842156232498230128e-01
-4.933306783679535790e-01 -8.698418487179233605e-01 5.220588918026347613e-01
9.984656385320050953e-01 5.537480176827062200e-02 2.200128903244598977e+00
-9.758289243829472159e-01 2.185358330746252353e-01 1.677900698410951019e+00
6.878830621469772533e-01 7.258215295865079186e-01 1.957433120748668154e+00
2.971495152538097817e-01 9.548309617856062248e-01 1.874217306315089981e+00
3.400423582524954025e-01 9.404101204230427280e-01 3.009924122278764713e+00
-3.015946667979745310e-01 9.534362364411260726e-01 1.463077588808550544e+00
2.697918238861968798e-01 9.629186734943711024e-01 0.000000000000000000e+00
-9.080204094699581563e-02 9.958689619422126382e-01 0.000000000000000000e+00
8.352744446435451942e-02 9.965054771657073651e-01 0.000000000000000000e+00
0.000000000000000000e+00 0.000000000000000000e+00 0.000000000000000000e+00
4.832723254187145101e-01 -8.754700791485613420e-01 5.794884198108458673e-01
-4.939695197546955518e-01 -8.694792197363405695e-01 5.156056717352264229e-01
9.980099301692432201e-01 6.305695269819319715e-02 2.201817308973911924e+00
-9.742777774673878621e-01 2.253504211959832249e-01 1.678630526218938934e+00
6.872185763823152049e-01 7.264507060186974341e-01 1.969122427142038445e+00
2.964571192797422206e-01 9.550461645535029964e-01 1.873990997366983935e+00
3.416957612710978531e-01 9.398106228008731300e-01 3.012492254101034383e+00
-3.072313407897486748e-01 9.516348581449365351e-01 1.459525221410448159e+00
2.881205096379633734e-01 9.575941582559702736e-01 0.000000000000000000e+00
-8.961967668615285210e-02 9.959760607317172942e-01 0.000000000000000000e+00
9.039630588994174154e-02 9.959058730027914308e-01 0.000000000000000000e+00
0.000000000000000000e+00 0.000000000000000000e+00 0.000000000000000000e+00
4.859710580219474552e-01 -8.739749028233183559e-01 5.806946620080006838e-01
-4.922532151536884171e-01 -8.704520504719697183e-01 5.149709591425447597e-01
9.981799038182544992e-01 6.030654701920891425e-02 2.204878690785871065e+00
-9.747405553630921204e-01 2.233402107334254705e-01 1.677621255206102280e+00
6.894220124827034057e-01 7.243599165499834402e-01 1.975506033573709797e+00
2.965007653719092251e-01 9.550326152199579699e-01 1.873538961679488857e+00
3.420182552920290608e-01 9.396933079718065018e-01 3.016313832426127828e+00
-3.104006832899479651e-01 9.506058151584878546e-01 1.458393497709281172e+00
2.973782594579371108e-01 9.547597450677148823e-01 0.000000000000000000e+00
-9.068409445511935174e-02 9.958797091079097941e-01 0.000000000000000000e+00
9.834696746579527082e-02 9.951521863465315754e-01 0.000000000000000000e+00
0.000000000000000000e+00 0.000000000000000000e+00 0.000000000000000000e+00
4.889450223500795278e-01 -8.723146021471153144e-01 5.815705133761572831e-01
-4.901647532999919843e-01 -8.716298036565510721e-01 5.156295722564999684e-01
9.982899436655543468e-01 5.845672225009251183e-02 2.209210239118645447e+00
-9.758550252390107982e-01 2.184192521637447204e-01 1.676743319046994696e+00
6.932204731507629614e-01 7.207255896696276309e-01 1.982377847116000291e+00
2.958877752352705448e-01 9.552227093543798064e-01 1.873224547074172630e+00
3.421135312537422202e-01 9.396586251044016791e-01 3.018818740316909555e+00
-3.139427174465884152e-01 9.494419256396103846e-01 1.457413734096677516e+00
3.072321109526356953e-01 9.516346095007196526e-01 0.000000000000000000e+00
-9.244549535174023669e-02 9.957177463464088607e-01 0.000000000000000000e+00
1.034320906463374601e-01 9.946365178418333786e-01 0.000000000000000000e+00
0.000000000000000000e+00 0.000000000000000000e+00 0.000000000000000000e+00
4.925460640192426132e-01 -8.702863751772471623e-01 5.845429122128530386e-01
-4.881163017819218908e-01 -8.727785950255309011e-01 5.150334059268105724e-01
9.984321685483045217e-01 5.597503736425765014e-02 2.212178173755303234e+00
-9.764686604464073438e-01 2.156593498228139283e-01 1.678353197059927915e+00
6.945187598136419727e-01 7.194745945945002497e-01 1.986480763423361218e+00
2.905642043720780276e-01 9.568554975217633540e-01 1.872479926624934787e+00
3.388611742345916111e-01 9.408363856677491865e-01 3.021491850736484075e+00
-3.177565768668766943e-01 9.481723249799292041e-01 1.455833593574334728e+00
3.111054533045324311e-01 9.503753978950535419e-01 0.000000000000000000e+00
-9.330113085147968832e-02 9.956379356883880982e-01 0.000000000000000000e+00
1.053089642785477731e-01 9.944395517288014963e-01 0.000000000000000000e+00
0.000000000000000000e+00 0.000000000000000000e+00 0.000000000000000000e+00
4.889685068990050065e-01 -8.723014383004064065e-01 5.813863658109462706e-01
-4.890903480110628254e-01 -8.722331290901631506e-01 5.163979335017353511e-01
9.982898386176782823e-01 5.845851616907299375e-02 2.207770902972869376e+00
-9.764556250062583764e-01 2.157183635985527592e-01 1.677328864161161226e+00
6.911234134652598504e-01 7.227367621479673376e-01 1.986499412173577728e+00
2.935912332683079939e-01 9.559310580517791367e-01 1.873254866372198402e+00
3.424578914063594604e-01 9.395331780269977617e-01 3.018040458735315124e+00
-3.151104254143654027e-01 9.490550141035964948e-01 1.457445090181901826e+00
3.150404807293235576e-01 9.490782346581533302e-01 0.000000000000000000e+00
-9.373273285686463396e-02 9.955973959343122903e-01 0.000000000000000000e+00
1.022483355503751024e-01 9.947589043970292977e-01 0.000000000000000000e+00
0.000000000000000000e+00 0.000000000000000000e+00 0.000000000000000000e+00
4.849950542700705025e-01 -8.745168936810605587e-01 5.753646415390133440e-01
-4.888007726086438520e-01 -8.723954405527305500e-01 5.203556376834246322e-01
9.976604456627302664e-01 6.836399022908477840e-02 2.203528069927117361e+00
-9.773795899676110954e-01 2.114926408051691076e-01 1.676065875696389540e+00
6.882731476210977029e-01 7.254516346826621609e-01 1.979971769441971619e+00
2.956878517439856524e-01 9.552846143066614504e-01 1.874660195939727769e+00
3.444470137308850433e-01 9.388057598523112945e-01 3.014627926444711559e+00
-3.117014391944745721e-01 9.501800949315311051e-01 1.460811324803871214e+00
3.069563851394750409e-01 9.517235825711719555e-01 0.000000000000000000e+00
-9.686105050436669139e-02 9.952979136395245785e-01 0.000000000000000000e+00
9.756478400384824279e-02 9.952291760807068233e-01 0.000000000000000000e+00
0.000000000000000000e+00 0.000000000000000000e+00 0.000000000000000000e+00
4.783620437459835117e-01 -8.781627156189028005e-01 5.794568738383985007e-01
-4.852462716197818993e-01 -8.743775248021309343e-01 5.268720679103928717e-01
9.979105594764654530e-01 6.461048897329108032e-02 2.196697572260118747e+00
-9.785060523835177326e-01 2.062181016516847765e-01 1.675719923634229502e+00
6.838409243774318247e-01 7.296311329340461338e-01 1.969086259929974991e+00
2.924593323821160218e-01 9.562779611089063936e-01 1.874107209242801275e+00
3.402916613394585954e-01 9.403199376929276543e-01 3.014802804651405044e+00
-3.044336381546414172e-01 9.525335479446007669e-01 1.466112915547890694e+00
2.934094469582984588e-01 9.559868704305648501e-01 0.000000000000000000e+00
-9.981049726991572668e-02 9.950064646195683205e-01 0.000000000000000000e+00
9.351053619005747497e-02 9.956182901199877033e-01 0.000000000000000000e+00
0.000000000000000000e+00 0.000000000000000000e+00 0.000000000000000000e+00
4.746693701417080691e-01 -8.801641830075080941e-01 5.779821452399250825e-01
-4.831462467104538638e-01 -8.755396646009825368e-01 5.264954768507333904e-01
9.973760759155010369e-01 7.239449696901534281e-02 2.192592204256322397e+00
-9.769073289829438567e-01 2.136634516697001052e-01 1.676950029695774447e+00
6.809092255911007863e-01 7.323678218661217043e-01 1.959512425188758789e+00
2.878080478295561573e-01 9.576881160401543580e-01 1.872609152085394912e+00
3.357243945464498669e-01 9.419602597277763056e-01 3.015567233581982531e+00
-2.978903349280130342e-01 9.546000986572733549e-01 1.469245877455534810e+00
2.790876237265962900e-01 9.602656394366311243e-01 0.000000000000000000e+00
-9.921748217016064519e-02 9.950657723144806788e-01 0.000000000000000000e+00
9.020054953472428361e-02 9.959236220030297515e-01 0.000000000000000000e+00
0.000000000000000000e+00 0.000000000000000000e+00 0.000000000000000000e+00
4.705153004483981216e-01 -8.823918358892229863e-01 5.742511568081990481e-01
-4.861889137845695208e-01 -8.738537292436192594e-01 5.294186820692369233e-01
9.968872716563480507e-01 7.884013958360545915e-02 2.189313585471330370e+00
-9.763279296478436509e-01 2.162955704344293739e-01 1.679245401121560510e+00
6.795579065718838629e-01 7.336218723672562891e-01 1.949682552078549458e+00
2.867427228170938980e-01 9.580076257063088185e-01 1.874389007547700325e+00
3.366641296855311105e-01 9.416247998980719069e-01 3.012813029111735652e+00
-2.897258064818060141e-01 9.571096891466865930e-01 1.473557238022251248e+00
2.647047922534080389e-01 9.643294939791481335e-01 0.000000000000000000e+00
-9.929825616771610630e-02 9.950577150708649343e-01 0.000000000000000000e+00
8.570744049671641385e-02 9.963203474001229853e-01 0.000000000000000000e+00
0.000000000000000000e+00 0.000000000000000000e+00 0.000000000000000000e+00
4.801455301682233112e-01 -8.771888450382138158e-01 5.780196979074334607e-01
-4.882551257249725385e-01 -8.727009408745307617e-01 5.258834709294718524e-01
9.971360690383785919e-01 7.562843263409541050e-02 2.193123653702138132e+00
-9.762083711349647253e-01 2.168345362852026614e-01 1.683347884672058870e+00
6.771142694927901884e-01 7.358778880012940560e-01 1.944010513894651737e+00
2.811441320127189281e-01 9.596655547818807586e-01 1.875979009681582710e+00
3.325971882373570665e-01 9.430689849510500711e-01 3.014090332675537720e+00
-2.959583878463974416e-01 9.552008336802062516e-01 1.470705041654329914e+00
2.431458946437200230e-01 9.699897287692819114e-01 0.000000000000000000e+00
-1.001081624769487727e-01 9.949765604301886723e-01 0.000000000000000000e+00
8.395264438636429460e-02 9.964697454015032374e-01 0.000000000000000000e+00
0.000000000000000000e+00 0.000000000000000000e+00 0.000000000000000000e+00
4.700241137119671730e-01 -8.826535744726123900e-01 5.868799642276080197e-01
-4.821476658140990135e-01 -8.760899658996305073e-01 5.342774743085886291e-01
9.978232454346963598e-01 6.594521112385565154e-02 2.182218453136666181e+00
-9.770847023599096293e-01 2.128508501609674419e-01 1.681389769790226474e+00
6.694930843809626664e-01 7.428182886588519107e-01 1.926850827658755261e+00
2.781980582800881452e-01 9.605237323300183094e-01 1.873208044463085864e+00
3.250298546857620097e-01 9.457037557094463143e-01 3.013483064444112625e+00
-2.837951001623255087e-01 9.588849467604836363e-01 1.477780986672996510e+00
2.209524060678800805e-01 9.752845914156620388e-01 0.000000000000000000e+00
-1.015436310615599330e-01 9.948310866628736759e-01 0.000000000000000000e+00
7.475431892696078606e-02 9.972019814469715859e-01 0.000000000000000000e+00
0.000000000000000000e+00 0.000000000000000000e+00 0.000000000000000000e+00
4.608310278745445521e-01 -8.874878949867940348e-01 5.870121962647346647e-01
-4.826780120209221425e-01 -8.757978857656203431e-01 5.409900573646355681e-01
9.978039092603399052e-01 6.623713961806861061e-02 2.171101711734489292e+00
-9.772425247579876739e-01 2.121250758506265932e-01 1.681622331697818717e+00
6.606463364837130703e-01 7.506972879201366800e-01 1.912480098219512037e+00
2.783328486854579342e-01 9.604846825132810073e-01 1.873980496836046061e+00
3.245030168018171457e-01 9.458846610906214147e-01 3.009623803310826240e+00
-2.716116114603785991e-01 9.624069474603226260e-01 1.484591925873014917e+00
2.030151227340247500e-01 9.791756021987521041e-01 0.000000000000000000e+00
-1.024781781535171465e-01 9.947352527192027116e-01 0.000000000000000000e+00
6.649945401227022601e-02 9.977864614315379299e-01 0.000000000000000000e+00
0.000000000000000000e+00 0.000000000000000000e+00 0.000000000000000000e+00
4.618868319444162096e-01 -8.869388673839649906e-01 5.895246901820266894e-01
-4.830024781002394962e-01 -8.756189845754988044e-01 5.368482645697596478e-01
9.979557709490429751e-01 6.390836588038528721e-02 2.168505254145103756e+00
-9.752571615026756069e-01 2.210734469305260241e-01 1.683674765397811690e+00
6.558412570199437797e-01 7.548988313611961765e-01 1.904280491532825970e+00
2.747441312704351213e-01 9.615173749508918455e-01 1.875710998199934920e+00
3.219562162493888047e-01 9.467545589107964066e-01 3.007537710064086767e+00
-2.707622617312805402e-01 9.626462473942136722e-01 1.486578376461780149e+00
1.857616563788806463e-01 9.825948336009988626e-01 0.000000000000000000e+00
-1.055518975940962639e-01 9.944137956174408099e-01 0.000000000000000000e+00
5.964968022338046350e-02 9.982193725074907098e-01 0.000000000000000000e+00
0.000000000000000000e+00 0.000000000000000000e+00 0.000000000000000000e+00
4.523812296622541362e-01 -8.918246593637491060e-01 5.879569677274865125e-01
-4.839151075644818056e-01 -8.751149459761591309e-01 5.431748719550251181e-01
9.979278636406007097e-01 6.434266834462720741e-02 2.155941475740450919e+00
-9.760069983018121453e-01 2.177391541865779379e-01 1.681224510378438008e+00
6.448726884297603101e-01 7.642900076001081233e-01 1.892474747980949390e+00
2.804536182108956499e-01 9.598675783838193087e-01 1.878901151442873951e+00
3.245115103044408089e-01 9.458817471967257973e-01 3.000927837613176941e+00
-2.618601803877207979e-01 9.651058211032148559e-01 1.493865068939075114e+00
1.730477237525080147e-01 9.849134405134675196e-01 0.000000000000000000e+00
-1.108582897493528147e-01 9.938362237279584344e-01 0.000000000000000000e+00
4.914580664968494494e-02 9.987916147469160233e-01 0.000000000000000000e+00
0.000000000000000000e+00 0.000000000000000000e+00 0.000000000000000000e+00
4.476179491799465171e-01 -8.942248998836583862e-01 5.956896045004793638e-01
-4.877321170086223456e-01 -8.729933459301322252e-01 5.382226949550746875e-01
9.986396854900841946e-01 5.214190794615929103e-02 2.152004528174266351e+00
-9.710362426081163845e-01 2.389322404815045486e-01 1.685313374915566209e+00
6.429292867927285382e-01 7.659255395821407131e-01 1.877276655471889821e+00
2.767938052618511557e-01 9.609293363034893121e-01 1.878817608370437320e+00
3.214416613233981868e-01 9.469293840438438581e-01 2.998041111861476704e+00
-2.503917202055111479e-01 9.681446102997862679e-01 1.497530167715162897e+00
1.483117425270722989e-01 9.889406590026439403e-01 0.000000000000000000e+00
-1.063510164791670043e-01 9.943286485331939151e-01 0.000000000000000000e+00
4.013768537235717221e-02 9.991941584161456724e-01 0.000000000000000000e+00
0.000000000000000000e+00 0.000000000000000000e+00 0.000000000000000000e+00
4.451171767279639147e-01 -8.954723328957330253e-01 5.892107291909184363e-01
-4.863085070498630036e-01 -8.737871800220768925e-01 5.353222447441216003e-01
9.978175322923678037e-01 6.603160038928006237e-02 2.144274758566016015e+00
-9.691853594325433585e-01 2.463325781572787698e-01 1.686150054921205399e+00
6.331776065037038048e-01 7.740065365500738981e-01 1.867922556481791396e+00
2.736180234346915485e-01 9.618384361480324385e-01 1.878614301899104166e+00
3.205359042702200512e-01 9.472363665282664824e-01 2.994207367311346513e+00
-2.486221105026607259e-01 9.686005606901136877e-01 1.499055554464312934e+00
1.325560534289504377e-01 9.911755105425786860e-01 0.000000000000000000e+00
-1.075673666232841719e-01 9.941977980451032204e-01 0.000000000000000000e+00
3.151939493787881547e-02 9.995031404366621075e-01 0.000000000000000000e+00
0.000000000000000000e+00 0.000000000000000000e+00 0.000000000000000000e+00
4.491934412924917241e-01 -8.934345260285214696e-01 5.881002564713627700e-01
-4.869300246233611018e-01 -8.734409831925068479e-01 5.359073614100207106e-01
9.973282810270852616e-01 7.304998195454455445e-02 2.142192891181448733e+00
-9.697082900487109525e-01 2.442659047243496695e-01 1.688960807905077521e+00
6.264035062776112106e-01 7.794989719833596009e-01 1.850387518619152738e+00
2.688920468352472004e-01 9.631703209447179947e-01 1.883092416444942074e+00
3.159717537940371912e-01 9.487685970795619594e-01 2.990034276330768570e+00
-2.495533753364478913e-01 9.683610446822952245e-01 1.502697166322687128e+00
9.318462246357772649e-02 9.956488468010800119e-01 0.000000000000000000e+00
-1.157605762478754463e-01 9.932771461111746802e-01 0.000000000000000000e+00
1.836291929114281657e-02 9.998313873824461462e-01 0.000000000000000000e+00
0.000000000000000000e+00 0.000000000000000000e+00 0.000000000000000000e+00
4.558365394645376156e-01 -8.900635085705935756e-01 5.913589611558855985e-01
-4.903362882709682014e-01 -8.715333180117957879e-01 5.358440243793866076e-01
9.972160006743174820e-01 7.456707047430367885e-02 2.143380617936670340e+00
-9.690151770911089590e-01 2.470011873799127511e-01 1.694919408106186909e+00
6.224402603604706208e-01 7.826673126446443973e-01 1.840207396541077012e+00
2.611654965875991330e-01 9.652940398615091899e-01 1.884324558801297123e+00
3.083348108262278231e-01 9.512779007381355623e-01 2.984681321004273080e+00
-2.469426812632434798e-01 9.690300883721414404e-01 1.503324798765691916e+00
6.546343915416941162e-02 9.978549684869583158e-01 0.000000000000000000e+00
-1.143303413589112361e-01 9.934427880078222639e-01 0.000000000000000000e+00
-3.806065288445370856e-04 9.999999275693325362e-01 0.000000000000000000e+00
0.000000000000000000e+00 0.000000000000000000e+00 0.000000000000000000e+00
4.470088038012567377e-01 -8.945295575464063953e-01 5.984819521860441638e-01
-4.875987529182701508e-01 -8.730678416666987074e-01 5.578090565972982917e-01
9.979331400958236786e-01 6.426078040678433190e-02 2.145705805717139203e+00
-9.761937493590230330e-01 2.169003543389748656e-01 1.690114220573250225e+00
6.337568097298182934e-01 7.735323562211751103e-01 1.830189764180336409e+00
2.674074472802934199e-01 9.635835496411493395e-01 1.879513594924824060e+00
3.046084654501602929e-01 9.524776547384713465e-01 2.982188676661044369e+00
-2.343404834044308382e-01 9.721545853606706755e-01 1.506574903100582841e+00
5.533993125183855194e-02 9.984675718364826036e-01 0.000000000000000000e+00
-1.078868612930928006e-01 9.941631783365972863e-01 0.000000000000000000e+00
-9.280487930274429129e-03 9.999569353446057240e-01 0.000000000000000000e+00
0.000000000000000000e+00 0.000000000000000000e+00 0.000000000000000000e+00
4.397781262051871920e-01 -8.981064523270360089e-01 5.978149347354958509e-01
-4.888106549639454346e-01 -8.723899034226145766e-01 5.775955805432948509e-01
9.980548753630429371e-01 6.234152519838533080e-02 2.150707096117450146e+00
-9.816956723464236312e-01 1.904563123036443484e-01 1.686609574496973130e+00
6.476300283403765290e-01 7.619549503690117298e-01 1.827420361394169745e+00
2.754900271882029794e-01 9.613039295248111404e-01 1.880202986481129823e+00
3.077092041587860538e-01 9.514804494449514705e-01 2.978372948170979306e+00
-2.221102203134584785e-01 9.750215638806696283e-01 1.512850920087585482e+00
5.786411756195303929e-02 9.983244682460590269e-01 0.000000000000000000e+00
-1.078770669121467407e-01 9.941642411766941079e-01 0.000000000000000000e+00
-1.365450652724875882e-02 9.999067728801007693e-01 0.000000000000000000e+00
0.000000000000000000e+00 0.000000000000000000e+00 0.000000000000000000e+00
4.362346974133621269e-01 -8.998329226988043272e-01 5.874769368714786166e-01
-4.811352468498259483e-01 -8.766463792423699886e-01 6.069695503773836487e-01
9.961986809745050353e-01 8.711020620258250191e-02 2.155640860731947495e+00
-9.894359595258298556e-01 1.449706246009866417e-01 1.682292351520997542e+00
6.580899182718319418e-01 7.529393464741854780e-01 1.821000706113986345e+00
2.753533019876160393e-01 9.613431016471262192e-01 1.872567894086946350e+00
3.037457465461495532e-01 9.527531272345015623e-01 2.978170280064059039e+00
-2.098034610391274479e-01 9.777435797467572964e-01 1.515906302145758389e+00
4.897919240332043733e-02 9.987997991146766452e-01 0.000000000000000000e+00
-1.014192196716768857e-01 9.948437776260089516e-01 0.000000000000000000e+00
-1.822203763701688364e-02 9.998339648883484143e-01 0.000000000000000000e+00
0.000000000000000000e+00 0.000000000000000000e+00 0.000000000000000000e+00
4.359861860554951618e-01 -8.999533574406970438e-01 6.040246613897971573e-01
-4.895619828872715407e-01 -8.719684999536869707e-01 6.038038316942733186e-01
9.990363454626972617e-01 4.389055074316259436e-02 2.168331495301223377e+00
-9.893783005033665034e-01 1.453636078702996992e-01 1.684376882951004406e+00
6.771896845140668031e-01 7.358084881188438064e-01 1.831462061019041743e+00
2.806067880369604861e-01 9.598228120375033035e-01 1.871767314403141258e+00
3.134674671194036533e-01 9.495989401098474669e-01 2.974580650379677671e+00
-2.156019044759964476e-01 9.764813458465672058e-01 1.507319544375023357e+00
7.014002499330028451e-02 9.975371556458131339e-01 0.000000000000000000e+00
-9.023173278790808105e-02 9.959207972515141671e-01 0.000000000000000000e+00
-1.518107384935037628e-02 9.998847608583604218e-01 0.000000000000000000e+00
0.000000000000000000e+00 0.000000000000000000e+00 0.000000000000000000e+00
4.274062542019072541e-01 -9.040596738429905743e-01 6.049047434078558272e-01
-4.860021791270174862e-01 -8.739575973030903056e-01 6.035719357176000388e-01
9.991130042024920499e-01 4.210943876936965730e-02 2.181557059030145407e+00
-9.885113031667775996e-01 1.511469599810700004e-01 1.682907897853922030e+00
7.032080671419299600e-01 7.109841167751295155e-01 1.829530262141704666e+00
2.795125382261910985e-01 9.601420420824994251e-01 1.843809426236562521e+00
3.134889252212835209e-01 9.495918564117978855e-01 2.971773378668704613e+00
-2.103412394666327179e-01 9.776280289453861405e-01 1.484092670614213016e+00
7.577334645740706198e-02 9.971250673644934670e-01 0.000000000000000000e+00
-3.850715989765615688e-02 9.992583242768690033e-01 0.000000000000000000e+00
-2.077210926624881160e-02 9.997842364613632737e-01 0.000000000000000000e+00
0.000000000000000000e+00 0.000000000000000000e+00 0.000000000000000000e+00
4.390535884194683436e-01 -8.984608764414774296e-01 6.068132140566847577e-01
-4.732212843439623784e-01 -8.809435941329335495e-01 6.094920103230304642e-01
9.986637219151546230e-01 5.167949816484872227e-02 2.214842968962561276e+00
-9.923396934171341277e-01 1.235391956780852313e-01 1.684357684021623891e+00
7.403213501892704773e-01 6.722531505719667733e-01 1.845355192580898862e+00
2.627016335786272472e-01 9.648771174170940323e-01 1.828406397910010472e+00
3.007389407129207881e-01 9.537065007322065302e-01 2.984393195102724494e+00
-2.259875480270358283e-01 9.741301905478179091e-01 1.467956136537712064e+00
9.443178618525571721e-02 9.955313343927765235e-01 0.000000000000000000e+00
-2.227446849391260739e-02 9.997518932481767040e-01 0.000000000000000000e+00
-8.931429413983052110e-03 9.999601139888645296e-01 0.000000000000000000e+00
0.000000000000000000e+00 0.000000000000000000e+00 0.000000000000000000e+00
4.421549966599847559e-01 -8.969386595127947226e-01 6.210580445908843172e-01
-4.471007033552907850e-01 -8.944836281672260414e-01 6.254519348701177428e-01
9.980134398489062253e-01 6.300137999245337961e-02 2.245179340835506299e+00
-9.957112634157513353e-01 9.251529553002764417e-02 1.686522068576875810e+00
7.775537499276159448e-01 6.288164803609256337e-01 1.839692483127373102e+00
2.299924376220441602e-01 9.731924160394337386e-01 1.787636082367598744e+00
2.625240809488054161e-01 9.649254411207038862e-01 2.991358123221087517e+00
-2.252938954633330326e-01 9.742908501402220978e-01 1.442253046349426304e+00
7.970780097436672151e-02 9.968182715338993471e-01 0.000000000000000000e+00
2.983745555751859957e-02 9.995547640053811245e-01 0.000000000000000000e+00
-3.482491200075351484e-02 9.993934287877521694e-01 0.000000000000000000e+00
0.000000000000000000e+00 0.000000000000000000e+00 0.000000000000000000e+00
4.525332906847275849e-01 -8.917475095687409370e-01 6.110071662612853727e-01
-4.545223517849770190e-01 -8.907353320307067612e-01 6.284971187152940120e-01
9.969304205904196969e-01 7.829263376211714753e-02 2.266887844616337411e+00
-9.965753609146625891e-01 8.268947948687349614e-02 1.689871501956434985e+00
7.971613351832456118e-01 6.037663502455774545e-01 1.836610222592150787e+00
2.315644633088879967e-01 9.728195615490400350e-01 1.748637941248541328e+00
2.671257446210776876e-01 9.636616815878042974e-01 2.977603523357150284e+00
-2.289686818335819884e-01 9.734337896022471348e-01 1.397210947805335612e+00
6.198391817197380221e-02 9.980771482646270121e-01 0.000000000000000000e+00
1.158916697394438838e-01 9.932618591715900447e-01 0.000000000000000000e+00
-5.753731292335558661e-02 9.983433565770645224e-01 0.000000000000000000e+00
0.000000000000000000e+00 0.000000000000000000e+00 0.000000000000000000e+00
4.590881758705538940e-01 -8.883907061512110737e-01 6.127777943557084495e-01
-4.461518779313063954e-01 -8.949572625652961744e-01 6.211610005599723650e-01
9.963388959937360401e-01 8.549154537135961185e-02 2.299390704551284692e+00
-9.962978998426512689e-01 8.596798688536610999e-02 1.691336851305012434e+00
8.306200105610550555e-01 5.568396520144313078e-01 1.843773530377861958e+00
2.195760318042536685e-01 9.755953906497804029e-01 1.750574836282782654e+00
2.567371855659706936e-01 9.664812556628629148e-01 2.984739145303469510e+00
-2.400332420708262415e-01 9.707646690629856412e-01 1.398144327020446331e+00
6.893115372458161194e-02 9.976214191997873071e-01 0.000000000000000000e+00
1.027223896967909417e-01 9.947100636140064900e-01 0.000000000000000000e+00
-5.403597693220117681e-02 9.985389893223911573e-01 0.000000000000000000e+00
0.000000000000000000e+00 0.000000000000000000e+00 0.000000000000000000e+00
4.585378163660702722e-01 -8.886748961021888604e-01 6.081542638262362743e-01
-4.496995481176784271e-01 -8.931798902924066308e-01 6.200054661208170836e-01
9.962746383411069662e-01 8.623714395952936096e-02 2.320269822189642728e+00
-9.963257227780843994e-01 8.564493056058569698e-02 1.689064635667052228e+00
8.534647685463914168e-01 5.211505433654025632e-01 1.836343172897207943e+00
2.278726664175830530e-01 9.736909406478735374e-01 1.715942551466660415e+00
2.649416478754071380e-01 9.642644467266558994e-01 2.984288724050915942e+00
-2.425906822236893190e-01 9.701287341885328486e-01 1.360210380858237533e+00
5.471720565506427159e-02 9.985018915381690396e-01 0.000000000000000000e+00
1.752271436769939628e-01 9.845280331807733099e-01 0.000000000000000000e+00
-4.644773467990628152e-02 9.989207215505667703e-01 0.000000000000000000e+00
0.000000000000000000e+00 0.000000000000000000e+00 0.000000000000000000e+00
4.639466677527576688e-01 -8.858631324765198212e-01 6.112234651257473228e-01
-4.375375963103761978e-01 -8.992001177796511424e-01 6.306666969361391928e-01
9.952009165813161529e-01 9.785262201754359179e-02 2.345464813070531562e+00
-9.981912396472624183e-01 6.011862516276798157e-02 1.689341017139943890e+00
8.757039368151159353e-01 4.828484390018336625e-01 1.843675848657476246e+00
2.140986838913122303e-01 9.768120359393652752e-01 1.707851027512415465e+00
2.477333161888078117e-01 9.688282634451248487e-01 2.996139998518713377e+00
-2.467334463866085181e-01 9.690833846652138206e-01 1.356767807540494752e+00
6.327155754433323731e-02 9.979963476916707821e-01 0.000000000000000000e+00
1.777986488596636216e-01 9.840668882061208711e-01 0.000000000000000000e+00
-4.055424655155203534e-02 9.991773381570639989e-01 0.000000000000000000e+00
0.000000000000000000e+00 0.000000000000000000e+00 0.000000000000000000e+00
4.602128285498313098e-01 -8.878086237687509152e-01 5.857923698664929679e-01
-4.370244645614482781e-01 -8.994496191420504605e-01 6.466733594055422696e-01
9.894383420501215998e-01 1.449543627529256418e-01 2.349818224628982488e+00
-9.995438547378007188e-01 3.020070290404632679e-02 1.684966257106362830e+00
8.818677145490800839e-01 4.714969077692687804e-01 1.845821265513414744e+00
2.220807263575747259e-01 9.750282821439038017e-01 1.705859658346098318e+00
2.510305403351387188e-01 9.679791670377251300e-01 2.999705634147183275e+00
-2.447330031950053220e-01 9.695905100335674431e-01 1.356093586824240305e+00
7.175325663617215799e-02 9.974224131039484131e-01 0.000000000000000000e+00
1.811554048589144594e-01 9.834544825717165262e-01 0.000000000000000000e+00
-3.002478678038820667e-02 9.995491544585449750e-01 0.000000000000000000e+00
0.000000000000000000e+00 0.000000000000000000e+00 0.000000000000000000e+00
4.641722122856132837e-01 -8.857449730830424528e-01 5.943312149265057576e-01
-4.285105946043766822e-01 -9.035367564807773588e-01 6.606448529391605318e-01
9.897632283443560386e-01 1.427191361288260574e-01 2.364895701317252463e+00
-9.999899244519655506e-01 4.488985915782106421e-03 1.684518030134867672e+00
8.936881681852999471e-01 4.486885980784479644e-01 1.846523141756908792e+00
2.137385022773425625e-01 9.768909113326003091e-01 1.713001360751588598e+00
2.366590427901692772e-01 9.715927631809743170e-01 2.999676485744855459e+00
-2.425734184972440644e-01 9.701330509979344541e-01 1.369070693646633030e+00
6.869965971943349514e-02 9.976373874080872728e-01 0.000000000000000000e+00
1.577716647690339535e-01 9.874756208616026765e-01 0.000000000000000000e+00
-4.489148058915975320e-02 9.989918693215240619e-01 0.000000000000000000e+00
0.000000000000000000e+00 0.000000000000000000e+00 0.000000000000000000e+00
4.616504465998932938e-01 -8.870619285901740758e-01 6.008052949008753085e-01
-4.242826489563778503e-01 -9.055298083412600674e-01 6.610344578852075381e-01
9.909083828480850231e-01 1.345383841191535035e-01 2.362763439541700095e+00
-9.999739194050153435e-01 7.222223326082025802e-03 1.683173120837520909e+00
8.930503166287574457e-01 4.499568112266733033e-01 1.840353004402297765e+00
2.117995926180419042e-01 9.773131189986306033e-01 1.710903537594207657e+00
2.321019987184894107e-01 9.726914527181177439e-01 2.998361244545712623e+00
-2.391643416123690191e-01 9.709791026078378184e-01 1.371066200573503036e+00
5.922380341998546849e-02 9.982447300679684332e-01 0.000000000000000000e+00
1.572991210346945390e-01 9.875510045165831752e-01 0.000000000000000000e+00
-5.220094108151435847e-02 9.986366014472953800e-01 0.000000000000000000e+00
0.000000000000000000e+00 0.000000000000000000e+00 0.000000000000000000e+00
4.739701005441289694e-01 -8.805409381682308689e-01 5.978896140606898557e-01
-4.370695024824819419e-01 -8.994277347289862945e-01 6.640885695252045640e-01
9.912076416423016845e-01 1.323155741018652853e-01 2.357021467514453406e+00
-9.999881373086109138e-01 -4.870856398507291199e-03 1.686515735760425239e+00
8.813236584711959809e-01 4.725130781459352391e-01 1.852363272873384314e+00
2.191069506931633548e-01 9.757008476771675820e-01 1.719010429422882513e+00
2.399480787374564383e-01 9.707857227577069148e-01 2.988780121806394074e+00
-2.449712737668948426e-01 9.695303373433060701e-01 1.369096445653104066e+00
6.928429929326661296e-02 9.975969556245855019e-01 0.000000000000000000e+00
1.552788282713788437e-01 9.878706825747324283e-01 0.000000000000000000e+00
-6.327040697824976023e-02 9.979964206352679446e-01 0.000000000000000000e+00
0.000000000000000000e+00 0.000000000000000000e+00 0.000000000000000000e+00
4.675295477917316145e-01 -8.839774442493760764e-01 6.118744168100901382e-01
-4.347786325507738692e-01 -9.005373621773163917e-01 6.686291244411343149e-01
9.947032179259731599e-01 1.027886581667143973e-01 2.342563219197428381e+00
-9.999660312112194083e-01 -8.242355469300226972e-03 1.682462301929969373e+00
8.709044930806280060e-01 4.914523007698453627e-01 1.851789832626838272e+00
2.245298054479344385e-01 9.744672218527992147e-01 1.753916689453301148e+00
2.416607524168450094e-01 9.703607992604216248e-01 2.991987186031696666e+00
-2.394317419314601902e-01 9.709131994960552570e-01 1.408130203539328384e+00
7.542131849832051094e-02 9.971517561113627526e-01 0.000000000000000000e+00
8.345454283305972498e-02 9.965115851210788467e-01 0.000000000000000000e+00
-5.510604049124975118e-02 9.984805077222974612e-01 0.000000000000000000e+00
0.000000000000000000e+00 0.000000000000000000e+00 0.000000000000000000e+00
4.667088620576089197e-01 -8.844110119604410292e-01 6.162042773641369653e-01
-4.352092061561469438e-01 -9.003293546680216641e-01 6.636667935696383136e-01
9.962690751226916941e-01 8.630139022157466699e-02 2.333183836681994361e+00
-9.999995365801850333e-01 -9.627249946409888008e-04 1.677698527519920546e+00
8.620036325232720564e-01 5.069020985522584288e-01 1.847728833369280066e+00
2.342686629834001832e-01 9.721718950597009190e-01 1.770630741572005507e+00
2.493208479941942113e-01 9.684209388253931516e-01 2.991721414923593336e+00
-2.419989067434200058e-01 9.702765219951421383e-01 1.423282694185207697e+00
6.824609358903918621e-02 9.976685174494763775e-01 0.000000000000000000e+00
5.058020851065942597e-02 9.987200020561409763e-01 0.000000000000000000e+00
-4.774542500179597415e-02 9.988595368676207453e-01 0.000000000000000000e+00
0.000000000000000000e+00 0.000000000000000000e+00 0.000000000000000000e+00
4.507444246125580367e-01 -8.926530477630678639e-01 6.405223494617244828e-01
-4.292696272727675177e-01 -9.031763875905410854e-01 6.643475469270141431e-01
9.995533584299910457e-01 2.988450520463448515e-02 2.316086233821489593e+00
-9.999891616151077578e-01 4.655819188269284988e-03 1.669174893211679667e+00
8.536642334274084920e-01 5.208237480825880228e-01 1.841187274770638371e+00
2.444251508047439458e-01 9.696681626484795480e-01 1.784288462480303927e+00
2.569478376946630060e-01 9.664252732125940826e-01 2.994049199047705834e+00
-2.352204705325620926e-01 9.719420405777496885e-01 1.443723788920765472e+00
7.311747919628419634e-02 9.973233348498274919e-01 0.000000000000000000e+00
1.669890262803171502e-02 9.998605636042555700e-01 0.000000000000000000e+00
-3.521695282507716906e-02 9.993796907250598327e-01 0.000000000000000000e+00
0.000000000000000000e+00 0.000000000000000000e+00 0.000000000000000000e+00
4.494735828091197538e-01 -8.932936238195889889e-01 6.350480650536772798e-01
-4.341048542598851534e-01 -9.008623510326113637e-01 6.567198871477936128e-01
9.993722166028626841e-01 3.542841631065347247e-02 2.251168527325183355e+00
-9.997300882133121069e-01 2.323253582808755199e-02 1.668968090956251205e+00
7.799390650128872338e-01 6.258554584461361037e-01 1.839881351065268067e+00
2.500199466319772412e-01 9.682406861344668991e-01 1.820371836930881893e+00
2.621643954070966287e-01 9.650232275861713171e-01 2.998458278172914770e+00
-2.319889564967792250e-01 9.727184197204941096e-01 1.478788681674411132e+00
7.193191950849692207e-02 9.974095442474085749e-01 0.000000000000000000e+00
-5.008567167860047270e-02 9.987449251397993999e-01 0.000000000000000000e+00
-2.100284167631460280e-02 9.997794159921076229e-01 0.000000000000000000e+00
0.000000000000000000e+00 0.000000000000000000e+00 0.000000000000000000e+00
4.529932383344698610e-01 -8.915139516705558043e-01 6.423669564877764193e-01
-4.446184432470712822e-01 -8.957200678362358115e-01 6.343140549096902836e-01
9.997975844732700512e-01 2.011939565232022734e-02 2.217490235650636521e+00
-9.971436298574886115e-01 7.552867955043145176e-02 1.675211635298039070e+00
7.333713208731604816e-01 6.798282913506585867e-01 1.839967279546075751e+00
2.492615101284376411e-01 9.684362134743262907e-01 1.847427706430257777e+00
2.628179414436188632e-01 9.648454434028999049e-01 3.000217309130936982e+00
-2.246341186283285218e-01 9.744431808720680488e-01 1.503769816110571922e+00
6.816903354723095887e-02 9.976737857963576817e-01 0.000000000000000000e+00
-9.238260664813391365e-02 9.957235831237986057e-01 0.000000000000000000e+00
-1.680823681771123623e-02 9.998587316091607224e-01 0.000000000000000000e+00
0.000000000000000000e+00 0.000000000000000000e+00 0.000000000000000000e+00
4.467440924303742733e-01 -8.946617885427773365e-01 6.293710923537382262e-01
-4.484348510177591507e-01 -8.938155203355333533e-01 6.116011172929561868e-01
9.994867002905792885e-01 3.203647830598022050e-02 2.203840062445124648e+00
-9.932575350910071155e-01 1.159287237268516457e-01 1.675140302059891617e+00
7.194184712930514758e-01 6.945768950680469844e-01 1.837039725372463961e+00
2.535278538451412600e-01 9.673280867030981112e-01 1.857239045552395496e+00
2.763673553688463236e-01 9.610520718912318738e-01 2.997605407843908942e+00
-2.293444382343857724e-01 9.733453285709825487e-01 1.509030247400249047e+00
6.930843040362874574e-02 9.975952793969032895e-01 0.000000000000000000e+00
-1.076628720609466155e-01 9.941874601802158651e-01 0.000000000000000000e+00
-7.962226141685294772e-03 9.999683009750202078e-01 0.000000000000000000e+00
0.000000000000000000e+00 0.000000000000000000e+00 0.000000000000000000e+00
4.549961044583831771e-01 -8.904934277846727753e-01 6.005066851352384161e-01
-4.592235820001823732e-01 -8.883207200864571274e-01 5.668092054852401640e-01
9.971403327514515302e-01 7.557219594748090796e-02 2.188864946717723470e+00
-9.829868675222085406e-01 1.836758511042652642e-01 1.683268999413990885e+00
6.916487415011041140e-01 7.222340468158081617e-01 1.844757368556103838e+00
2.495113638026838221e-01 9.683718703748704915e-01 1.864803840160654369e+00
2.899155921986839579e-01 9.570522187425752891e-01 2.992927901720030093e+00
-2.497802356991050132e-01 9.683025528491079337e-01 1.500016709092700351e+00
7.548238164126917782e-02 9.971471356132762809e-01 0.000000000000000000e+00
-1.106669080565019780e-01 9.938575529024336053e-01 0.000000000000000000e+00
-3.190857361108694664e-03 9.999949092016923169e-01 0.000000000000000000e+00
0.000000000000000000e+00 0.000000000000000000e+00 0.000000000000000000e+00
4.503294130488392222e-01 -8.928624864687102480e-01 6.172080909818805639e-01
-4.543717732802637910e-01 -8.908121528392777266e-01 5.653194195561445090e-01
9.990973164527435779e-01 4.248002185647261481e-02 2.168968424573432419e+00
-9.836363040416478132e-01 1.801655388005338754e-01 1.680531867764461618e+00
6.662807022146625124e-01 7.457010298077481059e-01 1.861591096368044429e+00
2.495308758344902123e-01 9.683668426816731678e-01 1.856526136029064356e+00
2.896750714103339397e-01 9.571250456462928602e-01 2.999260313090172048e+00
-2.561166882721075955e-01 9.666458720692538975e-01 1.491191333855188539e+00
1.142055633020687411e-01 9.934571401479065367e-01 0.000000000000000000e+00
-9.962721029758200841e-02 9.950248333425260050e-01 0.000000000000000000e+00
9.222524610869944212e-03 9.999574716155692489e-01 0.000000000000000000e+00
0.000000000000000000e+00 0.000000000000000000e+00 0.000000000000000000e+00
4.352047209357919333e-01 -9.003315227599217874e-01 6.538274877952510167e-01
-4.283832331898226875e-01 -9.035971478052782224e-01 5.701056869618590373e-01
9.995878899317945931e-01 -2.870627634685930796e-02 2.157097271298046515e+00
-9.876735493270260013e-01 1.565278248739015166e-01 1.661238765898535252e+00
6.611392701105042180e-01 7.502631974965516815e-01 1.900935222400489177e+00
2.588369091192558313e-01 9.659210394631593255e-01 1.847917629687110486e+00
2.877259910534241127e-01 9.577127722194817006e-01 3.017146607994939167e+00
-2.700171046325539614e-01 9.628555256142286023e-01 1.489860851611359616e+00
2.084717760461096137e-01 9.780283833264660220e-01 0.000000000000000000e+00
-1.113087089489040032e-01 9.937858779999483305e-01 0.000000000000000000e+00
4.294626787121666456e-02 9.990773834272966836e-01 0.000000000000000000e+00
0.000000000000000000e+00 0.000000000000000000e+00 0.000000000000000000e+00
4.416893803985502132e-01 -8.971680395796236551e-01 6.613967709294766850e-01
-4.036458664381650241e-01 -9.149153045541336127e-01 5.758069234865307306e-01
9.995387843786283089e-01 -3.036805102231525388e-02 2.166675775497548528e+00
-9.919845585851376768e-01 1.263591529278722259e-01 1.654707676913813152e+00
6.700514388050925474e-01 7.423146700390782504e-01 1.930619798577890567e+00
2.451511353690427608e-01 9.694848739548592720e-01 1.837198813469761438e+00
2.747940553855888757e-01 9.615031082241709548e-01 3.037885691160725710e+00
-2.883322239806209719e-01 9.575304322131954482e-01 1.483207356095600726e+00
2.591732701640196423e-01 9.658308423489530004e-01 0.000000000000000000e+00
-1.170378360985994681e-01 9.931274565338314986e-01 0.000000000000000000e+00
7.090204064438883347e-02 9.974832833849704983e-01 0.000000000000000000e+00
0.000000000000000000e+00 0.000000000000000000e+00 0.000000000000000000e+00
4.447350972765325983e-01 -8.956621535213115104e-01 6.618888128531347226e-01
-3.738695874391144702e-01 -9.274812836861487941e-01 6.025794548955072383e-01
9.999735367453196355e-01 -7.275012649954823440e-03 2.148173615060429142e+00
-9.979484013190735858e-01 6.402334187392123843e-02 1.643347768124750363e+00
6.395218191695318799e-01 7.687729461980907786e-01 1.175776794859682894e+00
2.358321611235891235e-01 9.717938010605837729e-01 1.821250802611743103e+00
2.515619605951130988e-01 9.678411956419000761e-01 8.401064625690803089e-02
-2.970199643435775250e-01 9.548712692197519614e-01 1.478876836526644700e+00
3.232487937449784465e-01 9.463140162453562709e-01 0.000000000000000000e+00
-1.174594915913793475e-01 9.930776746232363728e-01 0.000000000000000000e+00
8.616550503874807754e-02 9.962808367831920142e-01 0.000000000000000000e+00
0.000000000000000000e+00 0.000000000000000000e+00 0.000000000000000000e+00
4.522389749295191441e-01 -8.918968043191418671e-01 6.276932392326143306e-01
-3.840118278472056113e-01 -9.233281735512287591e-01 5.942998198297763102e-01
9.989974097543106168e-01 4.476801653164835110e-02 2.143127742285579451e+00
-9.973381729229546799e-01 7.291480529153580858e-02 1.639236366826003710e+00
6.252007560301222622e-01 7.804639739663603581e-01 1.130519655352398400e+00
2.544290467669633737e-01 9.670914435363671124e-01 1.825121971054453507e+00
2.673355379739987825e-01 9.636035025549423150e-01 7.788771726676120555e-02
-3.043129776022905908e-01 9.525721031306910724e-01 1.473444734615273699e+00
3.997822236122269279e-01 9.166101536005715200e-01 0.000000000000000000e+00
-1.142638184232447895e-01 9.934504415416701706e-01 0.000000000000000000e+00
1.145990984014387815e-01 9.934118212733213937e-01 0.000000000000000000e+00
0.000000000000000000e+00 0.000000000000000000e+00 0.000000000000000000e+00
4.463975492152285063e-01 -8.948347490205315058e-01 6.096351108731012935e-01
-3.778090800941606986e-01 -9.258835234511975099e-01 5.956887403955123395e-01
9.964183063907841031e-01 8.456097616112052962e-02 2.064780474987056191e+00
-9.971865109203099653e-01 7.496040580585351665e-02 1.624532428819385199e+00
5.014144791546161217e-01 8.652072122295935142e-01 1.131557734561586592e+00
2.763139815767330920e-01 9.610674188553126607e-01 1.819743105774523917e+00
2.637077704343903095e-01 9.646026186013195725e-01 6.920605334316197454e-02
-2.997094227677264411e-01 9.540305351005471390e-01 1.473834650891681530e+00
4.038685932763220743e-01 9.148170086771478804e-01 0.000000000000000000e+00
-1.102401893970636204e-01 9.939049756599970253e-01 0.000000000000000000e+00
1.280989709280686006e-01 9.917613894718677603e-01 0.000000000000000000e+00
0.000000000000000000e+00 0.000000000000000000e+00 0.000000000000000000e+00
4.368228467907276924e-01 -8.995475532297581012e-01 6.227499301374466167e-01
-3.654027935232549984e-01 -9.308495036714589110e-01 6.232400190828082387e-01
9.987714658440796089e-01 4.955359740390590656e-02 2.029103726477987646e+00
-9.998536145494367755e-01 1.710992321509061803e-02 1.585188553134616596e+00
4.480215315928293141e-01 8.940227666168324427e-01 1.122234282252442039e+00
3.384611340581303862e-01 9.409803721290280754e-01 1.809791211937548105e+00
2.722422820955709977e-01 9.622287357169267974e-01 6.841008300274861731e-02
-3.023961816672218195e-01 9.531823274238170329e-01 1.469155705496944186e+00
4.305123998489433501e-01 9.025846628301986696e-01 0.000000000000000000e+00
-1.037373207011360043e-01 9.946047296759400469e-01 0.000000000000000000e+00
1.384561700967558151e-01 9.903685621838661524e-01 0.000000000000000000e+00
0.000000000000000000e+00 0.000000000000000000e+00 0.000000000000000000e+00
4.255091891556478378e-01 -9.049541037777015795e-01 6.888642589003257655e-01
-3.679865513463433935e-01 -9.298311126372492685e-01 6.123765429551899508e-01
9.961467105240654485e-01 -8.770251485609656394e-02 2.076506084881297287e+00
-9.989096034639053379e-01 4.668623038523648378e-02 1.560917308561287742e+00
5.412265118688837084e-01 8.408768416660319378e-01 1.122141734413396819e+00
3.862851681223020139e-01 9.223794061495111940e-01 1.807581971907869400e+00
2.772042924576896272e-01 9.608110013124494531e-01 6.681188111535019125e-02
-2.948896529965781554e-01 9.555313142726185038e-01 1.469490605486183821e+00
4.419619986715408455e-01 8.970337740187138698e-01 0.000000000000000000e+00
-9.657782329719910575e-02 9.953254362504632136e-01 0.000000000000000000e+00
1.467277320830001619e-01 9.891769167534084639e-01 0.000000000000000000e+00
0.000000000000000000e+00 0.000000000000000000e+00 0.000000000000000000e+00
4.230239351140483994e-01 -9.061185078788674963e-01 7.265491367959227009e-01
-3.705853996341250123e-01 -9.287983966276081027e-01 6.351606761241718191e-01
9.861385620597465929e-01 -1.659238874265402675e-01 2.103597914174206718e+00
-9.999949889672797854e-01 3.165760624215283731e-03 1.518170911447397353e+00
5.881934666670668443e-01 8.087202518610362434e-01 1.122678023393543167e+00
4.661110853119136976e-01 8.847262040593969479e-01 1.807596252207874787e+00
2.805747550124054190e-01 9.598321763984204447e-01 6.911517182060811226e-02
-2.929485287517709646e-01 9.561282128993855434e-01 1.469122038977548783e+00
4.434611588044649610e-01 8.962935906452756951e-01 0.000000000000000000e+00
-9.382243720151610400e-02 9.955889464420381030e-01 0.000000000000000000e+00
1.456426532321141998e-01 9.893372617866518226e-01 0.000000000000000000e+00
0.000000000000000000e+00 0.000000000000000000e+00 0.000000000000000000e+00
3.993800350618348372e-01 -9.167854643230375356e-01 7.182371752793117459e-01
-3.502933825631693865e-01 -9.366400301783247562e-01 6.577408572804130937e-01
9.906535099402594691e-01 -1.364024312211636336e-01 2.101254784680414378e+00
-9.997786997434534584e-01 -2.103690897659072148e-02 1.481638401281769157e+00
6.052472304551406168e-01 7.960375556632878213e-01 1.145589502670223192e+00
5.108731363439927842e-01 8.596561164570704072e-01 1.794364746003682454e+00
2.678405253097066452e-01 9.634632598090184796e-01 6.731330457182975457e-02
-2.728489196992190391e-01 9.620568938576185003e-01 1.477246052401386622e+00
4.255532236316592609e-01 9.049333974700586314e-01 0.000000000000000000e+00
-8.913407377772575302e-02 9.960196368002927070e-01 0.000000000000000000e+00
1.361006392377263341e-01 9.906950166418937442e-01 0.000000000000000000e+00
0.000000000000000000e+00 0.000000000000000000e+00 0.000000000000000000e+00
3.724620101549414031e-01 -9.280474400543003988e-01 5.871923917666805881e-01
-3.303237729610621898e-01 -9.438676840621087472e-01 6.998803877683212882e-01
9.907620504088109348e-01 1.356117969415962798e-01 2.060394495013410321e+00
-9.969583868694704698e-01 -7.793570972682108133e-02 1.450815996758298754e+00
5.626069946021354795e-01 8.267244822942845239e-01 1.173270532075858741e+00
5.451828732615170425e-01 8.383171444640248327e-01 1.781403070142472567e+00
2.574483465662370518e-01 9.662920618789697658e-01 6.999533091598048040e-02
-2.464837434174024511e-01 9.691469260287337573e-01 1.488554591897173873e+00
4.017170637435601988e-01 9.157638345650326306e-01 0.000000000000000000e+00
-8.446614268029813133e-02 9.964263498827755638e-01 0.000000000000000000e+00
1.200993375802798802e-01 9.927618793611980852e-01 0.000000000000000000e+00
0.000000000000000000e+00 0.000000000000000000e+00 0.000000000000000000e+00
4.098008754544017473e-01 -9.121750064964541105e-01 5.730684314012692848e-01
-3.829386867439875664e-01 -9.237737613695194971e-01 6.698512064325581328e-01
9.906789184590584219e-01 1.362177687410499327e-01 2.050507020214273002e+00
-9.996389499611845197e-01 -2.686949423603240614e-02 1.476344485166869891e+00
5.117200506419120609e-01 8.591522506349144050e-01 1.179419883750301379e+00
5.495947369857523412e-01 8.354314005814971189e-01 1.812997343646307824e+00
2.840513501399902774e-01 9.588090688367777448e-01 9.806823060906318112e-02
-2.551150053621402125e-01 9.669107166843664558e-01 1.487526331026834736e+00
3.527581674455363969e-01 9.357145266054529564e-01 0.000000000000000000e+00
-9.129933405356929765e-02 9.958234942003401091e-01 0.000000000000000000e+00
9.175119603938371171e-02 9.957819630950053291e-01 0.000000000000000000e+00
0.000000000000000000e+00 0.000000000000000000e+00 0.000000000000000000e+00
4.230367153051915463e-01 -9.061125413014623486e-01 5.828238055926961980e-01
-4.063251958259327390e-01 -9.137285347612918995e-01 6.548341998233879746e-01
9.940983304204608073e-01 1.084827610971092343e-01 2.153497872189884976e+00
-9.999950582542866950e-01 3.143798181447716392e-03 1.514035792652929091e+00
6.658324642550592642e-01 7.461012863841176568e-01 1.935403058457745962e+00
5.072146362993348312e-01 8.618197681207674377e-01 1.826462726556989935e+00
2.921288577744471371e-01 9.563789680118424119e-01 3.029220047959413797e+00
-2.551319082869554777e-01 9.669062567663198049e-01 1.488256324400683894e+00
2.882697498411894710e-01 9.575492422463182107e-01 0.000000000000000000e+00
-9.277053137361936097e-02 9.956875154930168170e-01 0.000000000000000000e+00
7.164539298839969761e-02 9.974301668104578189e-01 0.000000000000000000e+00
0.000000000000000000e+00 0.000000000000000000e+00 0.000000000000000000e+00
4.238765020997948829e-01 -9.057199958969894826e-01 6.171908014828391131e-01
-4.276494129421139490e-01 -9.039446772951680309e-01 6.561444384354702120e-01
9.994408909875117653e-01 3.343509267354412978e-02 2.178547771796427668e+00
-9.999789619014454178e-01 6.486582652478041500e-03 1.527522249271558108e+00
7.017007506022057139e-01 7.124717935499630395e-01 1.895747849962460707e+00
5.041858507544434431e-01 8.635951759354715263e-01 1.842115614564158621e+00
2.983594921744477380e-01 9.544535679798182848e-01 3.016690635347015093e+00
-2.493614520849726512e-01 9.684104843577819866e-01 1.495159800440484243e+00
2.105934346466184215e-01 9.775737339371084467e-01 0.000000000000000000e+00
-1.005774220092464644e-01 9.949292347609320908e-01 0.000000000000000000e+00
5.314431406657804668e-02 9.985868424340433869e-01 0.000000000000000000e+00
0.000000000000000000e+00 0.000000000000000000e+00 0.000000000000000000e+00
4.096284044075403363e-01 -9.122524707023448309e-01 6.297426976660800424e-01
-4.551789784922338211e-01 -8.903999649251826964e-01 6.705198573157808983e-01
9.999446530572480007e-01 -1.052097059305111444e-02 2.173107822852533566e+00
-9.999910108591023583e-01 4.240070870945780203e-03 1.560312192176781743e+00
7.051086138496494016e-01 7.090993179202939034e-01 1.859739102462707017e+00
4.737476963818326170e-01 8.806606157725613837e-01 1.857232825911733887e+00
3.163051222756399494e-01 9.486575091265512238e-01 3.000307772581529697e+00
-2.236098413699764975e-01 9.746787362215787454e-01 1.508187955168032390e+00
1.552088531316604403e-01 9.878816791041095113e-01 0.000000000000000000e+00
-1.001316998120557605e-01 9.949741919732131290e-01 0.000000000000000000e+00
3.925224757211415866e-02 9.992293335668931409e-01 0.000000000000000000e+00
0.000000000000000000e+00 0.000000000000000000e+00 0.000000000000000000e+00
4.203387454279201019e-01 -9.073672570090250966e-01 6.149309874693106304e-01
-4.587414507265044628e-01 -8.885697954495990203e-01 6.239987146485322933e-01
9.995736754576828309e-01 2.919704320678549042e-02 2.187571215326704177e+00
-9.958222089981326741e-01 9.131335097388236510e-02 1.601530924159398461e+00
7.171687633607851664e-01 6.968995371354196333e-01 1.841857653783103732e+00
4.032897751404672104e-01 9.150723235171913661e-01 1.856663988480994565e+00
3.067087227537974581e-01 9.518034247609818976e-01 2.999009789776369672e+00
-2.292997182651102805e-01 9.733558646268800629e-01 1.502695751294714110e+00
1.080924323624739697e-01 9.941408482030923421e-01 0.000000000000000000e+00
-9.501347938483790945e-02 9.954759860163312490e-01 0.000000000000000000e+00
2.656430594532581055e-02 9.996471065579308757e-01 0.000000000000000000e+00
0.000000000000000000e+00 0.000000000000000000e+00 0.000000000000000000e+00
4.172345589675280353e-01 -9.087988351682523280e-01 6.178460241920942231e-01
-4.531834967415760973e-01 -8.914172526270051078e-01 6.357514484601486382e-01
9.995487659525496005e-01 3.003771766854497483e-02 2.212661285788698695e+00
-9.974741072116526386e-01 7.103101746643059045e-02 1.619989191073450518e+00
7.534737783057385840e-01 6.574779581139389428e-01 1.829984539103464591e+00
3.634305993983436567e-01 9.316212746717201787e-01 1.853949980173132506e+00
3.003523531208235897e-01 9.538283199689470138e-01 2.994214357418307326e+00
-2.262270359723979885e-01 9.740746009393445037e-01 1.504682013918723804e+00
8.786275795745286665e-02 9.961325894498733735e-01 0.000000000000000000e+00
-9.582665256898585671e-02 9.953980372983578517e-01 0.000000000000000000e+00
1.030526716049184714e-02 9.999468993245346216e-01 0.000000000000000000e+00
0.000000000000000000e+00 0.000000000000000000e+00 0.000000000000000000e+00
